  3.2724924E-02
  9.8174781E-02
  0.1636246    
  0.2290745    
  0.2945243    
  0.3599742    
  0.4254241    
  0.4908740    
  0.5563238    
  0.6217735    
  0.6872234    
  0.7526733    
  0.8181233    
  0.8835730    
  0.9490229    
   1.014473    
   1.079923    
   1.145373    
   1.210822    
   1.276272    
   1.341722    
   1.407172    
   1.472622    
   1.538072    
   1.603521    
   1.668971    
   1.734421    
   1.799871    
   1.865321    
   1.930771    
   1.996220    
   2.061671    
   2.127120    
   2.192570    
   2.258020    
   2.323470    
   2.388920    
   2.454370    
   2.519819    
   2.585269    
   2.650719    
   2.716169    
   2.781619    
   2.847069    
   2.912519    
   2.977968    
   3.043419    
   3.108869    
